#
# Rotation matrix for each block in a genesis file.
# Format is:  R11 R12 R13 R21 R22 R23 R31 R32 R33.
#
0.465511771179878  -0.624980731518132  0.626656106747580  -0.365528852890612  -0.780609251862813  -0.506989007386406  0.806031915371499  0.006948462940835  -0.591831285304615
0.209560532161570  0.349558907597033  0.913177394310508  0.767832249931349  0.519407797626288  -0.375032232921881  -0.605407316874781  0.779759007568735  -0.159555228024341
0.768553663691261  -0.520919965589864  0.371439975603858  0.617196174521305  0.450760873255796  -0.644890314160430  0.168505632496381  0.724884145633996  0.667943730583248
0.567971822466890  -0.641692778889635  -0.515401189758559  -0.402405935906188  0.329755640290039  -0.854008595064693  0.717967597897777  0.692453316273238  -0.070929071269057
0.933117048484408  0.098253915241076  -0.345888337426325  -0.298603142304737  0.747649696443670  -0.593174590498806  0.200321584542168  0.656784667564254  0.726983605880509
0.913375336768280  -0.079421901681432  0.399296450919284  0.332846753442090  0.710446956214447  -0.620063029964445  -0.234432363180710  0.699254806160768  0.675340050015231
-0.099245201971930  -0.380216711394792  0.919557307763731  0.414014046131222  0.824554815050918  0.385618628417251  -0.904844052581220  0.418980440298204  0.075581949934608
0.365173419177989  -0.365207494576600  -0.856312945032912  0.636077896800036  0.769521308904110  -0.056937372128934  0.679745013316243  -0.523889722219848  0.513309142548730
0.125539129913118  -0.772394042077563  -0.622613339580627  -0.919862731438607  0.144449501345994  -0.364673685465785  0.371607968390026  0.618499624352333  -0.692362428577014
0.803035362533886  -0.589615700356408  -0.086530528793561  -0.000426225853912  -0.145770397352086  0.989318356034768  -0.595931224934214  -0.794420743151284  -0.117310093339705
0.549482880509270  0.445368208008028  0.706905738640559  0.809268559788088  -0.494068335789079  -0.317774885271199  0.207732910646700  0.746688448327900  -0.631904580587863
0.986059382958263  -0.111245768545199  0.123738725792524  -0.162746252638390  -0.799651212012696  0.577989270124272  0.034648961487045  -0.590069756984219  -0.806608412651674
0.968410566744731  0.212537363737008  0.130417955945001  -0.245390768469676  0.905219247160542  0.346931528287590  -0.044320931477255  -0.367975520362189  0.928778591186923
-0.086397039647260  0.466938390573724  0.880059140597159  0.984962386506865  -0.092626005968837  0.145840735684382  0.149615001610435  0.879425359212868  -0.451914138821113
0.612860453034423  0.460447812446506  -0.642175892664673  -0.665759786002811  -0.136870511986686  -0.733505535282450  -0.425635962352729  0.877071419533055  0.222665113096634
0.994659022634048  0.030474439217348  0.098614082397333  -0.070480925467645  0.898523839554984  0.433228979751579  -0.075404693739210  -0.437865525367958  0.895872710744298
-0.123811668139059  0.573785061654741  0.809593338568499  0.752680126957450  0.585969321790105  -0.300187575366073  -0.646640005966179  0.572198092396951  -0.504426452261725
0.978079842312840  -0.169723943713738  0.120638323063384  0.149234139485435  0.975385858231665  0.162331756516465  -0.145220500182760  -0.140770062484660  0.979333853103595
0.305009919028685  0.867728391951001  -0.392449215945509  -0.100522651770980  -0.380449550638959  -0.919322215493319  -0.947029115589930  0.319852430381173  -0.028814527659005
0.567114524327452  0.821351814082589  -0.061337702924777  -0.523474962378662  0.416932161307492  0.743062269685470  0.635889204232551  -0.389292653887411  0.666405394313244
0.486287001677680  0.507492363425765  -0.711320218371349  0.601971691519387  0.395492927863380  0.693696927064939  0.633368008829480  -0.765530433800370  -0.113172966369169
-0.751812093863319  0.589881301348979  -0.294650005667209  0.055806548725088  0.502181013280103  0.862959940565240  0.657011571161609  0.632340319938404  -0.410464998678268
-0.322981416288968  -0.383585203076579  -0.865185180590070  0.351835971573695  0.799993973562084  -0.486025813482310  0.878575240852351  -0.461380574195584  -0.123424113997979
0.316587306851195  0.907197455912381  -0.277065431129201  0.593999203288727  0.038124632897037  0.803561733072714  0.739552177762370  -0.418974090311763  -0.526804791183951
0.863820962615657  0.477966346152492  0.159252995235240  0.470154297067751  -0.651218969297595  -0.595708646047468  -0.181020113508109  0.589459096097952  -0.787254528429591
0.776548145870843  0.612041404384572  0.149593771473002  -0.276627160373675  0.117873775294978  0.953720707147174  0.566083378388867  -0.781991747025933  0.260841937378131
0.483257753828456  -0.874948684638136  -0.030442447580174  -0.797983357024108  -0.454518005541123  0.395772591965960  -0.360117349314373  -0.166967607304278  -0.917843839023760
-0.730945446965171  0.465308561997315  -0.499206065360666  -0.660255290526030  -0.297202918148116  0.689734279832916  0.172573766526879  0.833761577176734  0.524461559630914
0.844007098934371  0.273159726940341  -0.461557992592768  -0.178015301429675  0.954472905015008  0.239357527663354  0.505927434920552  -0.119855067352574  0.854208518702911
-0.082305244937425  -0.453287449190441  0.887556384159460  -0.965250515394043  -0.185382065536874  -0.184187220807570  0.248026791269260  -0.871873831574102  -0.422278027641706
