#
# Rotation matrix for each block in a genesis file.
# Format is:  R11 R12 R13 R21 R22 R23 R31 R32 R33.
#
# to be used by imprint_orientation_on_mesh.py 
#
-0.881800373532886  -0.471568187722019  -0.007179524067360  -0.195591104449994  0.379509456558988  -0.904276889145318  0.429152911090318  -0.795987447583737  -0.426886123213010
-0.654144715865734  -0.716904597347246  0.241127536808471  -0.661288081965669  0.387329839798764  -0.642396814945116  0.367141339752287  -0.579675248310506  -0.727450234133614
0.448712706661227  0.638651530353199  0.625124891248358  0.263473784940496  0.573868849258502  -0.775407059872330  -0.853954607417680  0.512639021757258  0.089234308659149
0.430026113537352  -0.703876135975630  -0.565363535152363  0.214835512103085  -0.528452767343762  0.821330247480345  -0.876882685662892  -0.474653618853512  -0.076030899599432
-0.057071875840324  0.997975742276501  0.028057419976408  0.050440692902784  0.030949641338815  -0.998247392283339  -0.997095049374709  -0.055556615525647  -0.052104942028388
0.946926269636589  0.065983495148681  0.314605814059591  -0.004478692842460  0.981319008901179  -0.192335498750572  -0.321419634096234  0.180718513542947  0.929532268229711
-0.880728369614755  0.449408888391047  -0.149496454776891  -0.416671162609326  -0.585147866183720  0.695691826134555  0.225172558731139  0.675006389403657  0.702612050180403
0.979838682672142  -0.149903086956838  -0.132080356072100  0.166937685543866  0.977486750896406  0.129040540014540  0.109763222823401  -0.148488101687635  0.982803804720262
0.917931097421327  0.197947213800476  -0.343830482848027  0.009076817687482  0.855934753040932  0.517004168181870  0.396635994039304  -0.477695090078794  0.783892396408503
-0.096031942300699  -0.214015096745904  -0.972098454079008  0.933734501690284  -0.357712076301767  -0.013488914747855  -0.344844524983581  -0.908977232296123  0.234185065185910
0.396995908249711  0.812179261517340  -0.427503328635153  0.589139102661512  0.131662841563491  0.797232722526249  0.703782186864783  -0.568357056182622  -0.426216951961379
0.938745774570625  0.000064978462681  -0.344610456172759  -0.136614328877774  0.918134600632037  -0.371974972635964  0.316374613189922  0.396268660002340  0.861903853819483
0.835725233338142  0.339134918512853  -0.431915317402831  0.218723381998473  0.515873541338092  0.828272039558529  0.503709654988921  -0.786677822486802  0.356951799376843
0.306849794586774  0.845815766585924  0.436393048245179  -0.904480551448195  0.116433345611766  0.410314767077203  0.296239996648027  -0.520614026918519  0.800751459169237
0.748978515062862  -0.325795819563092  0.576964702498727  0.117089195591391  -0.791984085147266  -0.599208919450644  0.652166623072656  0.516350939602767  -0.555031893607338
0.944452945922173  0.093654977682587  -0.315019647155861  0.089711490150031  0.848664090795570  0.521268749810679  0.316165275566420  -0.520574688348754  0.793121373042366
-0.583336759053699  0.566488495750046  0.582073027823466  -0.191199224299089  0.600724951295492  -0.776255363600442  -0.789405524533591  -0.564110199406001  -0.242112785209637
0.944242047685995  -0.314953819762801  -0.095974198608688  0.323215978203434  0.942237183064024  0.087866502636505  0.062756567909312  -0.113987640858098  0.991498074085799
0.518344026785823  0.773578939185012  -0.364547794870371  -0.783125856723440  0.600642842226713  0.161065417185047  0.343559838203821  0.201999507254864  0.917149298992349
-0.424499213399855  -0.601794140369872  -0.676494072730420  -0.810870480456557  -0.079752193770008  0.579766031699878  -0.402851687035138  0.794659298193482  -0.454122360215378
0.275721573055463  0.853550684402396  -0.442073346072824  0.864287103133324  -0.421419289226032  -0.274615341934193  -0.420696348343112  -0.306360917586477  -0.853907237740929
0.532543662361949  -0.137203842250471  -0.835207970118718  0.826115716372132  0.299007447160695  0.477626810078124  0.184201169488909  -0.944335561235598  0.272580771414210
-0.878136248237971  -0.420902561995798  0.227415397095082  0.471242341373417  -0.842982688635279  0.259443331689476  0.082506879879445  0.334994358111608  0.938600764332712
-0.052344649960600  -0.743895623500630  -0.666242702742110  0.620142185194712  -0.547142418180596  0.562191110183554  -0.782741149910000  -0.383737508675003  0.489961035872723
-0.167035865693787  -0.942025767148480  -0.291009404659447  0.269009586812082  0.240413333421166  -0.932649597285345  0.948542493394534  -0.234070252577387  0.213256313114614
0.666606384154891  0.196632581389945  -0.719007341088996  0.690866065672557  0.199210812888373  0.694995777922769  0.279892850759114  -0.960026395451855  -0.003051578223836
-0.063800233262438  0.867174343700571  -0.493900989939423  0.930506752556075  -0.127174428720135  -0.343487769982070  -0.360675357743230  -0.481492806080414  -0.798797824239402
