#
# Rotation matrix for each block in a genesis file.
# Format is:  R11 R12 R13 R21 R22 R23 R31 R32 R33.
#
0.689201889073071  -0.656830805025166  0.305898757218956  -0.528878421073872  -0.167459222474101  0.832012634838424  -0.495265960692352  -0.735207931389727  -0.462796851546249
-0.204683273106564  0.966640959327754  -0.153980561956055  -0.594695312946141  0.002139606706891  0.803948323490404  0.777458836511796  0.256126292740629  0.574418906110049
-0.487651992058499  0.197049394149683  0.850509888776504  0.872610954642056  0.079541129085640  0.481895559870041  0.027306711264029  0.977161575712545  -0.210735849989788
0.451333358787654  -0.693213177063638  0.561919647628370  0.539749170024103  0.713524332991902  0.446714516986804  -0.710611731329948  0.101678500056790  0.696198570755826
0.836613861246006  0.302577595758509  -0.456644331746326  -0.456813754084862  0.845421067852931  -0.276738887959941  0.302321751202165  0.440125001079705  0.845512591375579
-0.948653248631602  0.251629608196628  -0.191675648269465  0.308624277899708  0.603462271871872  -0.735244409375633  -0.069340240492747  -0.756647756030540  -0.650135450765729
0.762343483844120  -0.102085625157391  -0.639070369972380  0.646809059273709  0.153280561125502  0.747089760619506  0.021689939646520  -0.982895515666480  0.182882344147417
0.373045863171872  -0.840907645878671  0.392060091150763  0.925243328741833  0.368594753468500  -0.089792484842712  -0.069004105595871  0.396247698817655  0.915546937405520
0.541401057386859  -0.399338794690653  -0.739873923121641  0.478654989332626  0.869867585015859  -0.119246743040054  0.691212193358433  -0.289584032007453  0.662092736826898
0.833544813051142  0.534367111722078  0.140195700880378  -0.379838881511382  0.738615369908707  -0.556928863883715  -0.401155167893570  0.410973387513629  0.818642416460236
0.887569437197653  -0.460431408322939  0.014946985729465  0.459715114330265  0.887348027956615  0.035714015985564  -0.029707032988038  -0.024827313814862  0.999250267290325
0.848491362828328  -0.366988619226932  0.381289601961077  0.529203159381047  0.591843663722405  -0.608000899516407  -0.002534424361643  0.717663173828469  0.696385773564914
-0.113996626669855  0.270047428916146  -0.956074869057687  0.993098150501882  0.057693362907329  -0.102115323757920  0.027583193753356  -0.961116986642221  -0.274760450957088
0.989024074926044  0.126381315486840  -0.076545034538487  -0.129093543172616  0.991129837593096  -0.031567422191612  0.071876535307584  0.041102410251702  0.996566282564124
0.331994885362376  0.830136458206298  0.447942916954745  -0.294593674191916  0.542372263001795  -0.786795332632584  -0.896099304329230  0.129250876527065  0.424617766582671
-0.890244665369409  -0.345850402880011  -0.296398270253122  -0.382870533804960  0.215713555139882  0.898263778893938  -0.246727765209377  0.913156701205574  -0.324453770078480
-0.368745409786309  0.741195962916833  0.560941500797825  0.516256193826581  -0.338531434825691  0.786686729245225  0.772985358915173  0.579676644510237  -0.257815094034725
0.931748935109092  -0.273867589476600  0.238412385075418  0.350023192075531  0.852093256048352  -0.389128318175604  -0.096579950985330  0.446019760135350  0.889796991811321
0.754157948341898  0.193269898287746  -0.627608584524291  -0.539826848768040  0.726667611926666  -0.424901347521943  0.373942191123049  0.659242692938375  0.652354435491515
0.995706938909933  0.047957334624230  0.079169349260626  -0.049066566230293  0.998721919010327  0.012124379023191  -0.078486711518444  -0.015956896442271  0.996787446535594
0.935574602838445  0.125567350865669  -0.330050000636667  -0.060050519492107  0.977603350579444  0.201706777388795  0.347985772169516  -0.168892064148743  0.922161251102628
0.809608098761915  0.515673518493069  0.280384644272999  -0.245559966006863  0.731430185792649  -0.636168363254602  -0.533136970687482  0.446195815350514  0.718800573768458
-0.150212518741383  0.919008124237209  0.364500023044413  0.461677616830771  0.391219727379660  -0.796116136644927  -0.874236797058342  0.048694891877812  -0.483051581276967
0.386300755875810  0.246016903639805  0.888958609347624  -0.333263862367657  0.935893702474155  -0.114184831343788  -0.860062162898455  -0.252148092978513  0.443524988199910
-0.430692019050768  -0.450594362067055  0.781964900490653  0.360661992907289  -0.880183415427515  -0.308545105419771  0.827301221803833  0.149137104973035  0.541600232941370
0.189394418960095  -0.026172350525380  0.981552220788453  0.923625341958179  0.344006065728487  -0.169044533879819  -0.333235624985393  0.938602596848093  0.089326275141248
0.995040306742234  0.034734100824549  -0.093211212835317  -0.052164001553726  0.980077717489898  -0.191641813343787  0.084697726653220  0.195553598585406  0.977028702331756
