#
# Rotation matrix for each block in a genesis file.
# Format is:  R11 R12 R13 R21 R22 R23 R31 R32 R33.
#
0.552061386751104  -0.010481523837524  0.833737586364254  0.600986582565583  0.698114038161463  -0.389168237781602  -0.577964837022626  0.715909859814725  0.391701059209023
-0.193649147447936  0.414025193597581  -0.889428550676879  -0.541518930661464  -0.801082191712090  -0.254999156580996  -0.818081447918208  0.432262028390466  0.379331363564638
-0.000742968447817  0.998067105349593  0.062140978564637  -0.427842862719285  -0.056483589656424  0.902086519641931  0.903852826968004  -0.025916352339977  0.427057853063654
0.874783639139942  -0.144192569692631  0.462560360967642  -0.468905504456064  -0.492318591917639  0.733314415474725  0.121988575628554  -0.858388552403671  -0.498284939084503
0.997683058307238  -0.048893464879081  -0.047306915549790  0.056305807351773  0.983699871143046  0.170775348255007  0.038186008238384  -0.173043325803892  0.984173681912673
-0.026832287953503  -0.696820716861088  0.716743271245975  -0.906902146857603  0.318566527253126  0.275760518818330  -0.420486057257850  -0.642616725791574  -0.640496072887777
0.641982914674788  -0.606074099854775  -0.469608478150564  0.207633013562063  0.727031816304147  -0.654456468957737  0.738069420139326  0.322643647956562  0.592582996287003
0.869183001859570  0.343312322447618  -0.355889812349286  -0.443238647431995  0.859981921637363  -0.252924091141125  0.219226847582687  0.377581439841171  0.899650957642144
-0.122696313432378  0.893060482062022  0.432884037646634  0.947439238258615  0.235263315567754  -0.216818039277186  -0.295473356629730  0.383528548777293  -0.874986484349755
0.797558597317114  0.311711774409390  0.516464958675908  -0.600224893109995  0.324546760444266  0.731026318251420  0.060252481580866  -0.893031449602802  0.445942225499745
0.349713833859801  0.383651524056391  -0.854699796710101  0.830303792818774  0.295636325081466  0.472434942529746  0.433930692666281  -0.874877517931244  -0.215159202872262
0.001713953114144  -0.688136853522857  0.725578895219800  -0.025406713110316  -0.725375706789812  -0.687884134813495  0.999675728070684  -0.017255573674716  -0.018726555569668
0.999848743487605  -0.013267560610804  -0.011245531632419  0.003308864171419  0.779882389485750  -0.625917334787823  0.017074588257179  0.625785450778009  0.779808327751386
-0.514709985551467  0.242318094130846  -0.822408397349153  -0.767328556012292  -0.558103931917329  0.315795643267143  -0.382466361791073  0.793600618973556  0.473199259998458
0.999109740444004  0.035466833695421  -0.022843604302672  -0.036323578121804  0.998607769718333  -0.038250750719519  0.021455167730525  0.039046459068638  0.999007031913118
-0.124323948359766  -0.165837687094177  0.978284936715010  -0.297350219768340  -0.934394971158227  -0.196185842195447  0.946639531536666  -0.315283839442289  0.066855799438574
-0.650364601912190  0.595260088172119  -0.471901803354172  0.504125247263372  -0.126481281042410  -0.854318570919253  -0.568228492466933  -0.793516170582044  -0.217826691141295
0.999793661386842  0.005020643451163  0.019683185464471  -0.003018446354758  0.994936393369146  -0.100461246912428  -0.020087897657443  0.100381105238649  0.994746254116482
0.450354039185883  0.825730635135961  0.339632385951226  -0.255464981322162  0.483658177164756  -0.837145394169814  -0.855522578724271  0.290247628516803  0.428762674953575
0.712563582017002  0.267282193661140  -0.648701295308394  -0.660431998548758  0.567608407192450  -0.491579364271267  0.236817898132704  0.778704645572465  0.580978793148140
0.999707386048182  -0.009377559898476  0.022298063841123  0.009032977496831  0.999838998107707  0.015504295550544  -0.022439866270859  -0.015298340868453  0.999631138554827
0.416580872978109  0.908221641890961  -0.039922743764482  -0.582701206224568  0.300464061975504  0.755103073577120  0.697796303037806  -0.291298466631852  0.654389427485424
0.024236940849267  0.998617090575883  0.046652728837949  -0.637970425985201  0.051378891917505  -0.768344938835150  -0.769679352890884  -0.011140730455738  0.638333437835104
0.648731353129280  0.752134748400181  -0.115935118562276  -0.509815395845276  0.542625745998514  0.667566896976386  0.565009640294905  -0.373966068017610  0.735468208929027
0.034585549230992  -0.924925172397909  -0.378572668386254  -0.741135096203072  0.230386900071476  -0.630587539879689  0.670464472556491  0.302382707409260  -0.677526449151170
0.664101349265905  0.152874087989441  0.731846234618038  0.527215019311793  0.598301256942512  -0.603390362330287  -0.530107273403478  0.786552680475000  0.316735156751384
0.759216520821539  0.614342911127307  -0.214879180143782  -0.370513302880066  0.679411288567877  0.633340503485637  0.535079589314096  -0.401226978796494  0.743442495816116
