#
# Rotation matrix for each block in a genesis file.
# Format is:  R11 R12 R13 R21 R22 R23 R31 R32 R33.
#
# to be used by lcm_preprocess.write_file_material
#
-0.881800373533 -0.19559110445 0.42915291109 -0.471568187722 0.379509456559 -0.795987447584 -0.00717952406736 -0.904276889145 -0.426886123213
-0.654144715866 -0.661288081966 0.367141339752 -0.716904597347 0.387329839799 -0.579675248311 0.241127536808 -0.642396814945 -0.727450234134
0.448712706661 0.26347378494 -0.853954607418 0.638651530353 0.573868849259 0.512639021757 0.625124891248 -0.775407059872 0.0892343086591
0.430026113537 0.214835512103 -0.876882685663 -0.703876135976 -0.528452767344 -0.474653618854 -0.565363535152 0.82133024748 -0.0760308995994
-0.0570718758403 0.0504406929028 -0.997095049375 0.997975742277 0.0309496413388 -0.0555566155256 0.0280574199764 -0.998247392283 -0.0521049420284
0.946926269637 -0.00447869284246 -0.321419634096 0.0659834951487 0.981319008901 0.180718513543 0.31460581406 -0.192335498751 0.92953226823
-0.880728369615 -0.416671162609 0.225172558731 0.449408888391 -0.585147866184 0.675006389404 -0.149496454777 0.695691826135 0.70261205018
0.979838682672 0.166937685544 0.109763222823 -0.149903086957 0.977486750896 -0.148488101688 -0.132080356072 0.129040540015 0.98280380472
0.917931097421 0.00907681768748 0.396635994039 0.1979472138 0.855934753041 -0.477695090079 -0.343830482848 0.517004168182 0.783892396409
-0.0960319423007 0.93373450169 -0.344844524984 -0.214015096746 -0.357712076302 -0.908977232296 -0.972098454079 -0.0134889147479 0.234185065186
0.39699590825 0.589139102662 0.703782186865 0.812179261517 0.131662841563 -0.568357056183 -0.427503328635 0.797232722526 -0.426216951961
0.938745774571 -0.136614328878 0.31637461319 6.4978462681e-05 0.918134600632 0.396268660002 -0.344610456173 -0.371974972636 0.861903853819
0.835725233338 0.218723381998 0.503709654989 0.339134918513 0.515873541338 -0.786677822487 -0.431915317403 0.828272039559 0.356951799377
0.306849794587 -0.904480551448 0.296239996648 0.845815766586 0.116433345612 -0.520614026919 0.436393048245 0.410314767077 0.800751459169
0.748978515063 0.117089195591 0.652166623073 -0.325795819563 -0.791984085147 0.516350939603 0.576964702499 -0.599208919451 -0.555031893607
0.944452945922 0.08971149015 0.316165275566 0.0936549776826 0.848664090796 -0.520574688349 -0.315019647156 0.521268749811 0.793121373042
-0.583336759054 -0.191199224299 -0.789405524534 0.56648849575 0.600724951295 -0.564110199406 0.582073027823 -0.7762553636 -0.24211278521
0.944242047686 0.323215978203 0.0627565679093 -0.314953819763 0.942237183064 -0.113987640858 -0.0959741986087 0.0878665026365 0.991498074086
0.518344026786 -0.783125856723 0.343559838204 0.773578939185 0.600642842227 0.201999507255 -0.36454779487 0.161065417185 0.917149298992
-0.4244992134 -0.810870480457 -0.402851687035 -0.60179414037 -0.07975219377 0.794659298193 -0.67649407273 0.5797660317 -0.454122360215
0.275721573055 0.864287103133 -0.420696348343 0.853550684402 -0.421419289226 -0.306360917586 -0.442073346073 -0.274615341934 -0.853907237741
0.532543662362 0.826115716372 0.184201169489 -0.13720384225 0.299007447161 -0.944335561236 -0.835207970119 0.477626810078 0.272580771414
-0.878136248238 0.471242341373 0.0825068798794 -0.420902561996 -0.842982688635 0.334994358112 0.227415397095 0.259443331689 0.938600764333
-0.0523446499606 0.620142185195 -0.78274114991 -0.743895623501 -0.547142418181 -0.383737508675 -0.666242702742 0.562191110184 0.489961035873
-0.167035865694 0.269009586812 0.948542493395 -0.942025767148 0.240413333421 -0.234070252577 -0.291009404659 -0.932649597285 0.213256313115
0.666606384155 0.690866065673 0.279892850759 0.19663258139 0.199210812888 -0.960026395452 -0.719007341089 0.694995777923 -0.00305157822384
-0.0638002332624 0.930506752556 -0.360675357743 0.867174343701 -0.12717442872 -0.48149280608 -0.493900989939 -0.343487769982 -0.798797824239
